{
 "cells": [
  {
   "cell_type": "code",
   "execution_count": 1,
   "metadata": {},
   "outputs": [],
   "source": [
    "# import the library\n",
    "%matplotlib inline\n",
    "\n",
    "import pandas as pd\n",
    "import numpy as np\n",
    "import matplotlib.pyplot as plt\n",
    "import seaborn as sns\n",
    "from wordcloud import WordCloud, STOPWORDS, ImageColorGenerator\n",
    "\n",
    "# sklearn :: utils\n",
    "from sklearn.model_selection import train_test_split\n",
    "from sklearn.metrics import confusion_matrix\n",
    "from sklearn.model_selection import KFold\n",
    "\n",
    "# sklearn :: models\n",
    "# from sklearn.neighbors import KNeighborsClassifier\n",
    "# from sklearn.svm import SVC\n",
    "# from sklearn.tree import DecisionTreeClassifier\n",
    "# from sklearn.ensemble import RandomForestClassifier\n",
    "from sklearn.ensemble import GradientBoostingClassifier\n",
    "# from sklearn.discriminant_analysis import QuadraticDiscriminantAnalysis\n",
    "# from sklearn.gaussian_process import GaussianProcessClassifier\n",
    "# from sklearn.naive_bayes import GaussianNB\n",
    "\n",
    "# sklearn :: evaluation metrics\n",
    "from sklearn.metrics import cohen_kappa_score\n",
    "\n",
    "sns.set_style('whitegrid')"
   ]
  },
  {
   "cell_type": "markdown",
   "metadata": {},
   "source": [
    "# Problem definition"
   ]
  },
  {
   "cell_type": "markdown",
   "metadata": {},
   "source": [
    "Predict when a pet will be adopted"
   ]
  },
  {
   "cell_type": "markdown",
   "metadata": {},
   "source": [
    "# Load the data"
   ]
  },
  {
   "cell_type": "code",
   "execution_count": 2,
   "metadata": {},
   "outputs": [
    {
     "name": "stdout",
     "output_type": "stream",
     "text": [
      "(10000, 24) (4993, 23)\n"
     ]
    }
   ],
   "source": [
    "df_train = pd.read_csv('Data/train.csv')\n",
    "df_test = pd.read_csv('Data/test.csv')\n",
    "print(df_train.shape, df_test.shape)"
   ]
  },
  {
   "cell_type": "markdown",
   "metadata": {},
   "source": [
    "# Feature Engineering"
   ]
  },
  {
   "cell_type": "code",
   "execution_count": 3,
   "metadata": {},
   "outputs": [
    {
     "name": "stdout",
     "output_type": "stream",
     "text": [
      "Index(['Type', 'Name', 'Age', 'Breed1', 'Breed2', 'Gender', 'Color1', 'Color2',\n",
      "       'Color3', 'MaturitySize', 'FurLength', 'Vaccinated', 'Dewormed',\n",
      "       'Sterilized', 'Health', 'Quantity', 'Fee', 'State', 'RescuerID',\n",
      "       'VideoAmt', 'Description', 'PetID', 'PhotoAmt', 'AdoptionSpeed'],\n",
      "      dtype='object')\n"
     ]
    },
    {
     "data": {
      "text/html": [
       "<div>\n",
       "<style scoped>\n",
       "    .dataframe tbody tr th:only-of-type {\n",
       "        vertical-align: middle;\n",
       "    }\n",
       "\n",
       "    .dataframe tbody tr th {\n",
       "        vertical-align: top;\n",
       "    }\n",
       "\n",
       "    .dataframe thead th {\n",
       "        text-align: right;\n",
       "    }\n",
       "</style>\n",
       "<table border=\"1\" class=\"dataframe\">\n",
       "  <thead>\n",
       "    <tr style=\"text-align: right;\">\n",
       "      <th></th>\n",
       "      <th>Type</th>\n",
       "      <th>Name</th>\n",
       "      <th>Age</th>\n",
       "      <th>Breed1</th>\n",
       "      <th>Breed2</th>\n",
       "      <th>Gender</th>\n",
       "      <th>Color1</th>\n",
       "      <th>Color2</th>\n",
       "      <th>Color3</th>\n",
       "      <th>MaturitySize</th>\n",
       "      <th>...</th>\n",
       "      <th>Health</th>\n",
       "      <th>Quantity</th>\n",
       "      <th>Fee</th>\n",
       "      <th>State</th>\n",
       "      <th>RescuerID</th>\n",
       "      <th>VideoAmt</th>\n",
       "      <th>Description</th>\n",
       "      <th>PetID</th>\n",
       "      <th>PhotoAmt</th>\n",
       "      <th>AdoptionSpeed</th>\n",
       "    </tr>\n",
       "  </thead>\n",
       "  <tbody>\n",
       "    <tr>\n",
       "      <th>0</th>\n",
       "      <td>1</td>\n",
       "      <td>â¥â¥â¥ Lily â¥â¥â¥</td>\n",
       "      <td>36</td>\n",
       "      <td>307</td>\n",
       "      <td>0</td>\n",
       "      <td>2</td>\n",
       "      <td>2</td>\n",
       "      <td>7</td>\n",
       "      <td>0</td>\n",
       "      <td>2</td>\n",
       "      <td>...</td>\n",
       "      <td>1</td>\n",
       "      <td>1</td>\n",
       "      <td>0</td>\n",
       "      <td>41326</td>\n",
       "      <td>337914b09c2fa5460e195197e994ef98</td>\n",
       "      <td>0</td>\n",
       "      <td>Adorable 3 year old Lily looking for a forever...</td>\n",
       "      <td>3f8824a3b</td>\n",
       "      <td>1.0</td>\n",
       "      <td>4</td>\n",
       "    </tr>\n",
       "    <tr>\n",
       "      <th>1</th>\n",
       "      <td>2</td>\n",
       "      <td>Cookie</td>\n",
       "      <td>3</td>\n",
       "      <td>266</td>\n",
       "      <td>0</td>\n",
       "      <td>1</td>\n",
       "      <td>6</td>\n",
       "      <td>7</td>\n",
       "      <td>0</td>\n",
       "      <td>2</td>\n",
       "      <td>...</td>\n",
       "      <td>1</td>\n",
       "      <td>1</td>\n",
       "      <td>0</td>\n",
       "      <td>41327</td>\n",
       "      <td>4bb1ebb92158078ad54a6bb23c10dffc</td>\n",
       "      <td>0</td>\n",
       "      <td>i rescue this stary kitten from market near my...</td>\n",
       "      <td>9238eb7fc</td>\n",
       "      <td>1.0</td>\n",
       "      <td>2</td>\n",
       "    </tr>\n",
       "    <tr>\n",
       "      <th>2</th>\n",
       "      <td>2</td>\n",
       "      <td>Favour Speedy Abundance And Courage</td>\n",
       "      <td>7</td>\n",
       "      <td>250</td>\n",
       "      <td>252</td>\n",
       "      <td>1</td>\n",
       "      <td>1</td>\n",
       "      <td>2</td>\n",
       "      <td>0</td>\n",
       "      <td>2</td>\n",
       "      <td>...</td>\n",
       "      <td>1</td>\n",
       "      <td>4</td>\n",
       "      <td>0</td>\n",
       "      <td>41327</td>\n",
       "      <td>99ba8ce53b4d8515e417e7921563d923</td>\n",
       "      <td>0</td>\n",
       "      <td>The mother was a Burmese cross and had since p...</td>\n",
       "      <td>f0a1f2b90</td>\n",
       "      <td>2.0</td>\n",
       "      <td>4</td>\n",
       "    </tr>\n",
       "    <tr>\n",
       "      <th>3</th>\n",
       "      <td>1</td>\n",
       "      <td>NaN</td>\n",
       "      <td>3</td>\n",
       "      <td>307</td>\n",
       "      <td>0</td>\n",
       "      <td>1</td>\n",
       "      <td>2</td>\n",
       "      <td>0</td>\n",
       "      <td>0</td>\n",
       "      <td>3</td>\n",
       "      <td>...</td>\n",
       "      <td>1</td>\n",
       "      <td>1</td>\n",
       "      <td>0</td>\n",
       "      <td>41327</td>\n",
       "      <td>3f3ef74c486beba3bc87f6dbaee772bf</td>\n",
       "      <td>0</td>\n",
       "      <td>This puppy is: 1. Male 2. 3 months old 3. Brow...</td>\n",
       "      <td>7d028bdea</td>\n",
       "      <td>4.0</td>\n",
       "      <td>2</td>\n",
       "    </tr>\n",
       "    <tr>\n",
       "      <th>4</th>\n",
       "      <td>2</td>\n",
       "      <td>Abandoned Kitty</td>\n",
       "      <td>1</td>\n",
       "      <td>266</td>\n",
       "      <td>0</td>\n",
       "      <td>1</td>\n",
       "      <td>1</td>\n",
       "      <td>6</td>\n",
       "      <td>7</td>\n",
       "      <td>1</td>\n",
       "      <td>...</td>\n",
       "      <td>1</td>\n",
       "      <td>1</td>\n",
       "      <td>0</td>\n",
       "      <td>41401</td>\n",
       "      <td>844f03ab8054007d4be6686f3a9702b9</td>\n",
       "      <td>0</td>\n",
       "      <td>Mother cat gave birth to a litter of 3 and too...</td>\n",
       "      <td>8377bfe97</td>\n",
       "      <td>0.0</td>\n",
       "      <td>2</td>\n",
       "    </tr>\n",
       "  </tbody>\n",
       "</table>\n",
       "<p>5 rows × 24 columns</p>\n",
       "</div>"
      ],
      "text/plain": [
       "   Type                                 Name  Age  Breed1  Breed2  Gender  \\\n",
       "0     1             â¥â¥â¥ Lily â¥â¥â¥   36     307       0       2   \n",
       "1     2                               Cookie    3     266       0       1   \n",
       "2     2  Favour Speedy Abundance And Courage    7     250     252       1   \n",
       "3     1                                  NaN    3     307       0       1   \n",
       "4     2                      Abandoned Kitty    1     266       0       1   \n",
       "\n",
       "   Color1  Color2  Color3  MaturitySize      ...        Health  Quantity  Fee  \\\n",
       "0       2       7       0             2      ...             1         1    0   \n",
       "1       6       7       0             2      ...             1         1    0   \n",
       "2       1       2       0             2      ...             1         4    0   \n",
       "3       2       0       0             3      ...             1         1    0   \n",
       "4       1       6       7             1      ...             1         1    0   \n",
       "\n",
       "   State                         RescuerID  VideoAmt  \\\n",
       "0  41326  337914b09c2fa5460e195197e994ef98         0   \n",
       "1  41327  4bb1ebb92158078ad54a6bb23c10dffc         0   \n",
       "2  41327  99ba8ce53b4d8515e417e7921563d923         0   \n",
       "3  41327  3f3ef74c486beba3bc87f6dbaee772bf         0   \n",
       "4  41401  844f03ab8054007d4be6686f3a9702b9         0   \n",
       "\n",
       "                                         Description      PetID PhotoAmt  \\\n",
       "0  Adorable 3 year old Lily looking for a forever...  3f8824a3b      1.0   \n",
       "1  i rescue this stary kitten from market near my...  9238eb7fc      1.0   \n",
       "2  The mother was a Burmese cross and had since p...  f0a1f2b90      2.0   \n",
       "3  This puppy is: 1. Male 2. 3 months old 3. Brow...  7d028bdea      4.0   \n",
       "4  Mother cat gave birth to a litter of 3 and too...  8377bfe97      0.0   \n",
       "\n",
       "   AdoptionSpeed  \n",
       "0              4  \n",
       "1              2  \n",
       "2              4  \n",
       "3              2  \n",
       "4              2  \n",
       "\n",
       "[5 rows x 24 columns]"
      ]
     },
     "execution_count": 3,
     "metadata": {},
     "output_type": "execute_result"
    }
   ],
   "source": [
    "print(df_train.columns)\n",
    "df_train.head()"
   ]
  },
  {
   "cell_type": "code",
   "execution_count": 4,
   "metadata": {},
   "outputs": [
    {
     "data": {
      "text/plain": [
       "Type               int64\n",
       "Name              object\n",
       "Age                int64\n",
       "Breed1             int64\n",
       "Breed2             int64\n",
       "Gender             int64\n",
       "Color1             int64\n",
       "Color2             int64\n",
       "Color3             int64\n",
       "MaturitySize       int64\n",
       "FurLength          int64\n",
       "Vaccinated         int64\n",
       "Dewormed           int64\n",
       "Sterilized         int64\n",
       "Health             int64\n",
       "Quantity           int64\n",
       "Fee                int64\n",
       "State              int64\n",
       "RescuerID         object\n",
       "VideoAmt           int64\n",
       "Description       object\n",
       "PetID             object\n",
       "PhotoAmt         float64\n",
       "AdoptionSpeed      int64\n",
       "dtype: object"
      ]
     },
     "execution_count": 4,
     "metadata": {},
     "output_type": "execute_result"
    }
   ],
   "source": [
    "df_train.dtypes"
   ]
  },
  {
   "cell_type": "code",
   "execution_count": 5,
   "metadata": {},
   "outputs": [
    {
     "data": {
      "text/plain": [
       "Type               0\n",
       "Name             842\n",
       "Age                0\n",
       "Breed1             0\n",
       "Breed2             0\n",
       "Gender             0\n",
       "Color1             0\n",
       "Color2             0\n",
       "Color3             0\n",
       "MaturitySize       0\n",
       "FurLength          0\n",
       "Vaccinated         0\n",
       "Dewormed           0\n",
       "Sterilized         0\n",
       "Health             0\n",
       "Quantity           0\n",
       "Fee                0\n",
       "State              0\n",
       "RescuerID          0\n",
       "VideoAmt           0\n",
       "Description        8\n",
       "PetID              0\n",
       "PhotoAmt           0\n",
       "AdoptionSpeed      0\n",
       "dtype: int64"
      ]
     },
     "execution_count": 5,
     "metadata": {},
     "output_type": "execute_result"
    }
   ],
   "source": [
    "# Check for missing values\n",
    "df_train.isnull().sum(axis = 0)"
   ]
  },
  {
   "cell_type": "code",
   "execution_count": 6,
   "metadata": {},
   "outputs": [
    {
     "data": {
      "text/html": [
       "<div>\n",
       "<style scoped>\n",
       "    .dataframe tbody tr th:only-of-type {\n",
       "        vertical-align: middle;\n",
       "    }\n",
       "\n",
       "    .dataframe tbody tr th {\n",
       "        vertical-align: top;\n",
       "    }\n",
       "\n",
       "    .dataframe thead th {\n",
       "        text-align: right;\n",
       "    }\n",
       "</style>\n",
       "<table border=\"1\" class=\"dataframe\">\n",
       "  <thead>\n",
       "    <tr style=\"text-align: right;\">\n",
       "      <th></th>\n",
       "      <th>Type</th>\n",
       "      <th>Age</th>\n",
       "      <th>Breed1</th>\n",
       "      <th>Breed2</th>\n",
       "      <th>Gender</th>\n",
       "      <th>Color1</th>\n",
       "      <th>Color2</th>\n",
       "      <th>Color3</th>\n",
       "      <th>MaturitySize</th>\n",
       "      <th>FurLength</th>\n",
       "      <th>Vaccinated</th>\n",
       "      <th>Dewormed</th>\n",
       "      <th>Sterilized</th>\n",
       "      <th>Health</th>\n",
       "      <th>Quantity</th>\n",
       "      <th>Fee</th>\n",
       "      <th>State</th>\n",
       "      <th>VideoAmt</th>\n",
       "      <th>PhotoAmt</th>\n",
       "      <th>AdoptionSpeed</th>\n",
       "    </tr>\n",
       "  </thead>\n",
       "  <tbody>\n",
       "    <tr>\n",
       "      <th>Type</th>\n",
       "      <td>1.000000</td>\n",
       "      <td>-0.150024</td>\n",
       "      <td>0.055922</td>\n",
       "      <td>-0.048857</td>\n",
       "      <td>0.062580</td>\n",
       "      <td>0.093889</td>\n",
       "      <td>0.250730</td>\n",
       "      <td>0.199668</td>\n",
       "      <td>-0.172627</td>\n",
       "      <td>-0.009966</td>\n",
       "      <td>0.110750</td>\n",
       "      <td>0.034795</td>\n",
       "      <td>0.006710</td>\n",
       "      <td>-0.003571</td>\n",
       "      <td>0.046327</td>\n",
       "      <td>-0.045208</td>\n",
       "      <td>0.127153</td>\n",
       "      <td>-0.002877</td>\n",
       "      <td>0.050386</td>\n",
       "      <td>-0.096588</td>\n",
       "    </tr>\n",
       "    <tr>\n",
       "      <th>Age</th>\n",
       "      <td>-0.150024</td>\n",
       "      <td>1.000000</td>\n",
       "      <td>-0.317141</td>\n",
       "      <td>-0.042328</td>\n",
       "      <td>-0.128883</td>\n",
       "      <td>0.089449</td>\n",
       "      <td>-0.043082</td>\n",
       "      <td>-0.051003</td>\n",
       "      <td>0.094532</td>\n",
       "      <td>0.156118</td>\n",
       "      <td>-0.138990</td>\n",
       "      <td>-0.056361</td>\n",
       "      <td>-0.194933</td>\n",
       "      <td>0.089627</td>\n",
       "      <td>-0.112622</td>\n",
       "      <td>0.099678</td>\n",
       "      <td>0.024376</td>\n",
       "      <td>-0.021741</td>\n",
       "      <td>-0.081627</td>\n",
       "      <td>0.105835</td>\n",
       "    </tr>\n",
       "    <tr>\n",
       "      <th>Breed1</th>\n",
       "      <td>0.055922</td>\n",
       "      <td>-0.317141</td>\n",
       "      <td>1.000000</td>\n",
       "      <td>-0.159807</td>\n",
       "      <td>0.070733</td>\n",
       "      <td>-0.030621</td>\n",
       "      <td>-0.013340</td>\n",
       "      <td>0.007075</td>\n",
       "      <td>-0.008280</td>\n",
       "      <td>-0.119483</td>\n",
       "      <td>0.042104</td>\n",
       "      <td>0.010842</td>\n",
       "      <td>0.062735</td>\n",
       "      <td>-0.036438</td>\n",
       "      <td>0.089211</td>\n",
       "      <td>-0.200489</td>\n",
       "      <td>-0.025743</td>\n",
       "      <td>0.009460</td>\n",
       "      <td>0.034484</td>\n",
       "      <td>0.111364</td>\n",
       "    </tr>\n",
       "    <tr>\n",
       "      <th>Breed2</th>\n",
       "      <td>-0.048857</td>\n",
       "      <td>-0.042328</td>\n",
       "      <td>-0.159807</td>\n",
       "      <td>1.000000</td>\n",
       "      <td>0.071215</td>\n",
       "      <td>-0.020326</td>\n",
       "      <td>0.004285</td>\n",
       "      <td>0.038584</td>\n",
       "      <td>0.054620</td>\n",
       "      <td>0.103603</td>\n",
       "      <td>0.010243</td>\n",
       "      <td>-0.001840</td>\n",
       "      <td>-0.006333</td>\n",
       "      <td>-0.021425</td>\n",
       "      <td>0.042083</td>\n",
       "      <td>0.008631</td>\n",
       "      <td>-0.044799</td>\n",
       "      <td>0.004433</td>\n",
       "      <td>0.054457</td>\n",
       "      <td>-0.021178</td>\n",
       "    </tr>\n",
       "    <tr>\n",
       "      <th>Gender</th>\n",
       "      <td>0.062580</td>\n",
       "      <td>-0.128883</td>\n",
       "      <td>0.070733</td>\n",
       "      <td>0.071215</td>\n",
       "      <td>1.000000</td>\n",
       "      <td>-0.114045</td>\n",
       "      <td>0.028391</td>\n",
       "      <td>0.256542</td>\n",
       "      <td>-0.093383</td>\n",
       "      <td>-0.032118</td>\n",
       "      <td>0.071064</td>\n",
       "      <td>0.091829</td>\n",
       "      <td>0.030318</td>\n",
       "      <td>-0.051646</td>\n",
       "      <td>0.496795</td>\n",
       "      <td>-0.049542</td>\n",
       "      <td>0.003222</td>\n",
       "      <td>0.020802</td>\n",
       "      <td>0.091525</td>\n",
       "      <td>0.057663</td>\n",
       "    </tr>\n",
       "    <tr>\n",
       "      <th>Color1</th>\n",
       "      <td>0.093889</td>\n",
       "      <td>0.089449</td>\n",
       "      <td>-0.030621</td>\n",
       "      <td>-0.020326</td>\n",
       "      <td>-0.114045</td>\n",
       "      <td>1.000000</td>\n",
       "      <td>-0.114525</td>\n",
       "      <td>-0.281832</td>\n",
       "      <td>-0.025359</td>\n",
       "      <td>0.075806</td>\n",
       "      <td>-0.017658</td>\n",
       "      <td>-0.020026</td>\n",
       "      <td>-0.035473</td>\n",
       "      <td>0.032545</td>\n",
       "      <td>-0.110077</td>\n",
       "      <td>0.055972</td>\n",
       "      <td>0.030674</td>\n",
       "      <td>0.000661</td>\n",
       "      <td>-0.041995</td>\n",
       "      <td>-0.045613</td>\n",
       "    </tr>\n",
       "    <tr>\n",
       "      <th>Color2</th>\n",
       "      <td>0.250730</td>\n",
       "      <td>-0.043082</td>\n",
       "      <td>-0.013340</td>\n",
       "      <td>0.004285</td>\n",
       "      <td>0.028391</td>\n",
       "      <td>-0.114525</td>\n",
       "      <td>1.000000</td>\n",
       "      <td>0.084761</td>\n",
       "      <td>-0.079657</td>\n",
       "      <td>-0.011525</td>\n",
       "      <td>0.027130</td>\n",
       "      <td>0.008896</td>\n",
       "      <td>0.004854</td>\n",
       "      <td>-0.002449</td>\n",
       "      <td>0.022109</td>\n",
       "      <td>-0.021506</td>\n",
       "      <td>0.034442</td>\n",
       "      <td>0.028056</td>\n",
       "      <td>0.059475</td>\n",
       "      <td>-0.041183</td>\n",
       "    </tr>\n",
       "    <tr>\n",
       "      <th>Color3</th>\n",
       "      <td>0.199668</td>\n",
       "      <td>-0.051003</td>\n",
       "      <td>0.007075</td>\n",
       "      <td>0.038584</td>\n",
       "      <td>0.256542</td>\n",
       "      <td>-0.281832</td>\n",
       "      <td>0.084761</td>\n",
       "      <td>1.000000</td>\n",
       "      <td>-0.051689</td>\n",
       "      <td>0.011624</td>\n",
       "      <td>0.054279</td>\n",
       "      <td>0.049366</td>\n",
       "      <td>0.029254</td>\n",
       "      <td>-0.031123</td>\n",
       "      <td>0.269975</td>\n",
       "      <td>-0.017541</td>\n",
       "      <td>0.003037</td>\n",
       "      <td>0.027171</td>\n",
       "      <td>0.103766</td>\n",
       "      <td>-0.003366</td>\n",
       "    </tr>\n",
       "    <tr>\n",
       "      <th>MaturitySize</th>\n",
       "      <td>-0.172627</td>\n",
       "      <td>0.094532</td>\n",
       "      <td>-0.008280</td>\n",
       "      <td>0.054620</td>\n",
       "      <td>-0.093383</td>\n",
       "      <td>-0.025359</td>\n",
       "      <td>-0.079657</td>\n",
       "      <td>-0.051689</td>\n",
       "      <td>1.000000</td>\n",
       "      <td>0.099199</td>\n",
       "      <td>-0.074013</td>\n",
       "      <td>-0.058920</td>\n",
       "      <td>-0.057781</td>\n",
       "      <td>-0.015047</td>\n",
       "      <td>-0.043203</td>\n",
       "      <td>0.045344</td>\n",
       "      <td>-0.060916</td>\n",
       "      <td>0.023799</td>\n",
       "      <td>0.011683</td>\n",
       "      <td>0.047770</td>\n",
       "    </tr>\n",
       "    <tr>\n",
       "      <th>FurLength</th>\n",
       "      <td>-0.009966</td>\n",
       "      <td>0.156118</td>\n",
       "      <td>-0.119483</td>\n",
       "      <td>0.103603</td>\n",
       "      <td>-0.032118</td>\n",
       "      <td>0.075806</td>\n",
       "      <td>-0.011525</td>\n",
       "      <td>0.011624</td>\n",
       "      <td>0.099199</td>\n",
       "      <td>1.000000</td>\n",
       "      <td>-0.012485</td>\n",
       "      <td>0.013764</td>\n",
       "      <td>0.028363</td>\n",
       "      <td>0.035957</td>\n",
       "      <td>-0.039007</td>\n",
       "      <td>0.159591</td>\n",
       "      <td>-0.025696</td>\n",
       "      <td>-0.016959</td>\n",
       "      <td>-0.025926</td>\n",
       "      <td>-0.083989</td>\n",
       "    </tr>\n",
       "    <tr>\n",
       "      <th>Vaccinated</th>\n",
       "      <td>0.110750</td>\n",
       "      <td>-0.138990</td>\n",
       "      <td>0.042104</td>\n",
       "      <td>0.010243</td>\n",
       "      <td>0.071064</td>\n",
       "      <td>-0.017658</td>\n",
       "      <td>0.027130</td>\n",
       "      <td>0.054279</td>\n",
       "      <td>-0.074013</td>\n",
       "      <td>-0.012485</td>\n",
       "      <td>1.000000</td>\n",
       "      <td>0.726174</td>\n",
       "      <td>0.473764</td>\n",
       "      <td>0.080417</td>\n",
       "      <td>0.130509</td>\n",
       "      <td>-0.119388</td>\n",
       "      <td>0.035170</td>\n",
       "      <td>-0.035604</td>\n",
       "      <td>-0.049141</td>\n",
       "      <td>-0.062681</td>\n",
       "    </tr>\n",
       "    <tr>\n",
       "      <th>Dewormed</th>\n",
       "      <td>0.034795</td>\n",
       "      <td>-0.056361</td>\n",
       "      <td>0.010842</td>\n",
       "      <td>-0.001840</td>\n",
       "      <td>0.091829</td>\n",
       "      <td>-0.020026</td>\n",
       "      <td>0.008896</td>\n",
       "      <td>0.049366</td>\n",
       "      <td>-0.058920</td>\n",
       "      <td>0.013764</td>\n",
       "      <td>0.726174</td>\n",
       "      <td>1.000000</td>\n",
       "      <td>0.433507</td>\n",
       "      <td>0.071565</td>\n",
       "      <td>0.141308</td>\n",
       "      <td>-0.101096</td>\n",
       "      <td>0.000197</td>\n",
       "      <td>-0.042342</td>\n",
       "      <td>-0.108417</td>\n",
       "      <td>-0.014050</td>\n",
       "    </tr>\n",
       "    <tr>\n",
       "      <th>Sterilized</th>\n",
       "      <td>0.006710</td>\n",
       "      <td>-0.194933</td>\n",
       "      <td>0.062735</td>\n",
       "      <td>-0.006333</td>\n",
       "      <td>0.030318</td>\n",
       "      <td>-0.035473</td>\n",
       "      <td>0.004854</td>\n",
       "      <td>0.029254</td>\n",
       "      <td>-0.057781</td>\n",
       "      <td>0.028363</td>\n",
       "      <td>0.473764</td>\n",
       "      <td>0.433507</td>\n",
       "      <td>1.000000</td>\n",
       "      <td>0.058490</td>\n",
       "      <td>0.098085</td>\n",
       "      <td>-0.061719</td>\n",
       "      <td>0.011650</td>\n",
       "      <td>-0.014732</td>\n",
       "      <td>-0.069159</td>\n",
       "      <td>-0.095836</td>\n",
       "    </tr>\n",
       "    <tr>\n",
       "      <th>Health</th>\n",
       "      <td>-0.003571</td>\n",
       "      <td>0.089627</td>\n",
       "      <td>-0.036438</td>\n",
       "      <td>-0.021425</td>\n",
       "      <td>-0.051646</td>\n",
       "      <td>0.032545</td>\n",
       "      <td>-0.002449</td>\n",
       "      <td>-0.031123</td>\n",
       "      <td>-0.015047</td>\n",
       "      <td>0.035957</td>\n",
       "      <td>0.080417</td>\n",
       "      <td>0.071565</td>\n",
       "      <td>0.058490</td>\n",
       "      <td>1.000000</td>\n",
       "      <td>-0.034026</td>\n",
       "      <td>-0.003993</td>\n",
       "      <td>0.026480</td>\n",
       "      <td>-0.017938</td>\n",
       "      <td>-0.022009</td>\n",
       "      <td>0.027208</td>\n",
       "    </tr>\n",
       "    <tr>\n",
       "      <th>Quantity</th>\n",
       "      <td>0.046327</td>\n",
       "      <td>-0.112622</td>\n",
       "      <td>0.089211</td>\n",
       "      <td>0.042083</td>\n",
       "      <td>0.496795</td>\n",
       "      <td>-0.110077</td>\n",
       "      <td>0.022109</td>\n",
       "      <td>0.269975</td>\n",
       "      <td>-0.043203</td>\n",
       "      <td>-0.039007</td>\n",
       "      <td>0.130509</td>\n",
       "      <td>0.141308</td>\n",
       "      <td>0.098085</td>\n",
       "      <td>-0.034026</td>\n",
       "      <td>1.000000</td>\n",
       "      <td>-0.062957</td>\n",
       "      <td>0.000191</td>\n",
       "      <td>0.002043</td>\n",
       "      <td>0.131904</td>\n",
       "      <td>0.074705</td>\n",
       "    </tr>\n",
       "    <tr>\n",
       "      <th>Fee</th>\n",
       "      <td>-0.045208</td>\n",
       "      <td>0.099678</td>\n",
       "      <td>-0.200489</td>\n",
       "      <td>0.008631</td>\n",
       "      <td>-0.049542</td>\n",
       "      <td>0.055972</td>\n",
       "      <td>-0.021506</td>\n",
       "      <td>-0.017541</td>\n",
       "      <td>0.045344</td>\n",
       "      <td>0.159591</td>\n",
       "      <td>-0.119388</td>\n",
       "      <td>-0.101096</td>\n",
       "      <td>-0.061719</td>\n",
       "      <td>-0.003993</td>\n",
       "      <td>-0.062957</td>\n",
       "      <td>1.000000</td>\n",
       "      <td>-0.020523</td>\n",
       "      <td>0.000955</td>\n",
       "      <td>0.006155</td>\n",
       "      <td>-0.007137</td>\n",
       "    </tr>\n",
       "    <tr>\n",
       "      <th>State</th>\n",
       "      <td>0.127153</td>\n",
       "      <td>0.024376</td>\n",
       "      <td>-0.025743</td>\n",
       "      <td>-0.044799</td>\n",
       "      <td>0.003222</td>\n",
       "      <td>0.030674</td>\n",
       "      <td>0.034442</td>\n",
       "      <td>0.003037</td>\n",
       "      <td>-0.060916</td>\n",
       "      <td>-0.025696</td>\n",
       "      <td>0.035170</td>\n",
       "      <td>0.000197</td>\n",
       "      <td>0.011650</td>\n",
       "      <td>0.026480</td>\n",
       "      <td>0.000191</td>\n",
       "      <td>-0.020523</td>\n",
       "      <td>1.000000</td>\n",
       "      <td>-0.026038</td>\n",
       "      <td>0.007630</td>\n",
       "      <td>0.018257</td>\n",
       "    </tr>\n",
       "    <tr>\n",
       "      <th>VideoAmt</th>\n",
       "      <td>-0.002877</td>\n",
       "      <td>-0.021741</td>\n",
       "      <td>0.009460</td>\n",
       "      <td>0.004433</td>\n",
       "      <td>0.020802</td>\n",
       "      <td>0.000661</td>\n",
       "      <td>0.028056</td>\n",
       "      <td>0.027171</td>\n",
       "      <td>0.023799</td>\n",
       "      <td>-0.016959</td>\n",
       "      <td>-0.035604</td>\n",
       "      <td>-0.042342</td>\n",
       "      <td>-0.014732</td>\n",
       "      <td>-0.017938</td>\n",
       "      <td>0.002043</td>\n",
       "      <td>0.000955</td>\n",
       "      <td>-0.026038</td>\n",
       "      <td>1.000000</td>\n",
       "      <td>0.250728</td>\n",
       "      <td>-0.008259</td>\n",
       "    </tr>\n",
       "    <tr>\n",
       "      <th>PhotoAmt</th>\n",
       "      <td>0.050386</td>\n",
       "      <td>-0.081627</td>\n",
       "      <td>0.034484</td>\n",
       "      <td>0.054457</td>\n",
       "      <td>0.091525</td>\n",
       "      <td>-0.041995</td>\n",
       "      <td>0.059475</td>\n",
       "      <td>0.103766</td>\n",
       "      <td>0.011683</td>\n",
       "      <td>-0.025926</td>\n",
       "      <td>-0.049141</td>\n",
       "      <td>-0.108417</td>\n",
       "      <td>-0.069159</td>\n",
       "      <td>-0.022009</td>\n",
       "      <td>0.131904</td>\n",
       "      <td>0.006155</td>\n",
       "      <td>0.007630</td>\n",
       "      <td>0.250728</td>\n",
       "      <td>1.000000</td>\n",
       "      <td>-0.024016</td>\n",
       "    </tr>\n",
       "    <tr>\n",
       "      <th>AdoptionSpeed</th>\n",
       "      <td>-0.096588</td>\n",
       "      <td>0.105835</td>\n",
       "      <td>0.111364</td>\n",
       "      <td>-0.021178</td>\n",
       "      <td>0.057663</td>\n",
       "      <td>-0.045613</td>\n",
       "      <td>-0.041183</td>\n",
       "      <td>-0.003366</td>\n",
       "      <td>0.047770</td>\n",
       "      <td>-0.083989</td>\n",
       "      <td>-0.062681</td>\n",
       "      <td>-0.014050</td>\n",
       "      <td>-0.095836</td>\n",
       "      <td>0.027208</td>\n",
       "      <td>0.074705</td>\n",
       "      <td>-0.007137</td>\n",
       "      <td>0.018257</td>\n",
       "      <td>-0.008259</td>\n",
       "      <td>-0.024016</td>\n",
       "      <td>1.000000</td>\n",
       "    </tr>\n",
       "  </tbody>\n",
       "</table>\n",
       "</div>"
      ],
      "text/plain": [
       "                   Type       Age    Breed1    Breed2    Gender    Color1  \\\n",
       "Type           1.000000 -0.150024  0.055922 -0.048857  0.062580  0.093889   \n",
       "Age           -0.150024  1.000000 -0.317141 -0.042328 -0.128883  0.089449   \n",
       "Breed1         0.055922 -0.317141  1.000000 -0.159807  0.070733 -0.030621   \n",
       "Breed2        -0.048857 -0.042328 -0.159807  1.000000  0.071215 -0.020326   \n",
       "Gender         0.062580 -0.128883  0.070733  0.071215  1.000000 -0.114045   \n",
       "Color1         0.093889  0.089449 -0.030621 -0.020326 -0.114045  1.000000   \n",
       "Color2         0.250730 -0.043082 -0.013340  0.004285  0.028391 -0.114525   \n",
       "Color3         0.199668 -0.051003  0.007075  0.038584  0.256542 -0.281832   \n",
       "MaturitySize  -0.172627  0.094532 -0.008280  0.054620 -0.093383 -0.025359   \n",
       "FurLength     -0.009966  0.156118 -0.119483  0.103603 -0.032118  0.075806   \n",
       "Vaccinated     0.110750 -0.138990  0.042104  0.010243  0.071064 -0.017658   \n",
       "Dewormed       0.034795 -0.056361  0.010842 -0.001840  0.091829 -0.020026   \n",
       "Sterilized     0.006710 -0.194933  0.062735 -0.006333  0.030318 -0.035473   \n",
       "Health        -0.003571  0.089627 -0.036438 -0.021425 -0.051646  0.032545   \n",
       "Quantity       0.046327 -0.112622  0.089211  0.042083  0.496795 -0.110077   \n",
       "Fee           -0.045208  0.099678 -0.200489  0.008631 -0.049542  0.055972   \n",
       "State          0.127153  0.024376 -0.025743 -0.044799  0.003222  0.030674   \n",
       "VideoAmt      -0.002877 -0.021741  0.009460  0.004433  0.020802  0.000661   \n",
       "PhotoAmt       0.050386 -0.081627  0.034484  0.054457  0.091525 -0.041995   \n",
       "AdoptionSpeed -0.096588  0.105835  0.111364 -0.021178  0.057663 -0.045613   \n",
       "\n",
       "                 Color2    Color3  MaturitySize  FurLength  Vaccinated  \\\n",
       "Type           0.250730  0.199668     -0.172627  -0.009966    0.110750   \n",
       "Age           -0.043082 -0.051003      0.094532   0.156118   -0.138990   \n",
       "Breed1        -0.013340  0.007075     -0.008280  -0.119483    0.042104   \n",
       "Breed2         0.004285  0.038584      0.054620   0.103603    0.010243   \n",
       "Gender         0.028391  0.256542     -0.093383  -0.032118    0.071064   \n",
       "Color1        -0.114525 -0.281832     -0.025359   0.075806   -0.017658   \n",
       "Color2         1.000000  0.084761     -0.079657  -0.011525    0.027130   \n",
       "Color3         0.084761  1.000000     -0.051689   0.011624    0.054279   \n",
       "MaturitySize  -0.079657 -0.051689      1.000000   0.099199   -0.074013   \n",
       "FurLength     -0.011525  0.011624      0.099199   1.000000   -0.012485   \n",
       "Vaccinated     0.027130  0.054279     -0.074013  -0.012485    1.000000   \n",
       "Dewormed       0.008896  0.049366     -0.058920   0.013764    0.726174   \n",
       "Sterilized     0.004854  0.029254     -0.057781   0.028363    0.473764   \n",
       "Health        -0.002449 -0.031123     -0.015047   0.035957    0.080417   \n",
       "Quantity       0.022109  0.269975     -0.043203  -0.039007    0.130509   \n",
       "Fee           -0.021506 -0.017541      0.045344   0.159591   -0.119388   \n",
       "State          0.034442  0.003037     -0.060916  -0.025696    0.035170   \n",
       "VideoAmt       0.028056  0.027171      0.023799  -0.016959   -0.035604   \n",
       "PhotoAmt       0.059475  0.103766      0.011683  -0.025926   -0.049141   \n",
       "AdoptionSpeed -0.041183 -0.003366      0.047770  -0.083989   -0.062681   \n",
       "\n",
       "               Dewormed  Sterilized    Health  Quantity       Fee     State  \\\n",
       "Type           0.034795    0.006710 -0.003571  0.046327 -0.045208  0.127153   \n",
       "Age           -0.056361   -0.194933  0.089627 -0.112622  0.099678  0.024376   \n",
       "Breed1         0.010842    0.062735 -0.036438  0.089211 -0.200489 -0.025743   \n",
       "Breed2        -0.001840   -0.006333 -0.021425  0.042083  0.008631 -0.044799   \n",
       "Gender         0.091829    0.030318 -0.051646  0.496795 -0.049542  0.003222   \n",
       "Color1        -0.020026   -0.035473  0.032545 -0.110077  0.055972  0.030674   \n",
       "Color2         0.008896    0.004854 -0.002449  0.022109 -0.021506  0.034442   \n",
       "Color3         0.049366    0.029254 -0.031123  0.269975 -0.017541  0.003037   \n",
       "MaturitySize  -0.058920   -0.057781 -0.015047 -0.043203  0.045344 -0.060916   \n",
       "FurLength      0.013764    0.028363  0.035957 -0.039007  0.159591 -0.025696   \n",
       "Vaccinated     0.726174    0.473764  0.080417  0.130509 -0.119388  0.035170   \n",
       "Dewormed       1.000000    0.433507  0.071565  0.141308 -0.101096  0.000197   \n",
       "Sterilized     0.433507    1.000000  0.058490  0.098085 -0.061719  0.011650   \n",
       "Health         0.071565    0.058490  1.000000 -0.034026 -0.003993  0.026480   \n",
       "Quantity       0.141308    0.098085 -0.034026  1.000000 -0.062957  0.000191   \n",
       "Fee           -0.101096   -0.061719 -0.003993 -0.062957  1.000000 -0.020523   \n",
       "State          0.000197    0.011650  0.026480  0.000191 -0.020523  1.000000   \n",
       "VideoAmt      -0.042342   -0.014732 -0.017938  0.002043  0.000955 -0.026038   \n",
       "PhotoAmt      -0.108417   -0.069159 -0.022009  0.131904  0.006155  0.007630   \n",
       "AdoptionSpeed -0.014050   -0.095836  0.027208  0.074705 -0.007137  0.018257   \n",
       "\n",
       "               VideoAmt  PhotoAmt  AdoptionSpeed  \n",
       "Type          -0.002877  0.050386      -0.096588  \n",
       "Age           -0.021741 -0.081627       0.105835  \n",
       "Breed1         0.009460  0.034484       0.111364  \n",
       "Breed2         0.004433  0.054457      -0.021178  \n",
       "Gender         0.020802  0.091525       0.057663  \n",
       "Color1         0.000661 -0.041995      -0.045613  \n",
       "Color2         0.028056  0.059475      -0.041183  \n",
       "Color3         0.027171  0.103766      -0.003366  \n",
       "MaturitySize   0.023799  0.011683       0.047770  \n",
       "FurLength     -0.016959 -0.025926      -0.083989  \n",
       "Vaccinated    -0.035604 -0.049141      -0.062681  \n",
       "Dewormed      -0.042342 -0.108417      -0.014050  \n",
       "Sterilized    -0.014732 -0.069159      -0.095836  \n",
       "Health        -0.017938 -0.022009       0.027208  \n",
       "Quantity       0.002043  0.131904       0.074705  \n",
       "Fee            0.000955  0.006155      -0.007137  \n",
       "State         -0.026038  0.007630       0.018257  \n",
       "VideoAmt       1.000000  0.250728      -0.008259  \n",
       "PhotoAmt       0.250728  1.000000      -0.024016  \n",
       "AdoptionSpeed -0.008259 -0.024016       1.000000  "
      ]
     },
     "execution_count": 6,
     "metadata": {},
     "output_type": "execute_result"
    }
   ],
   "source": [
    "# # Correlation\n",
    "# df_temp = df_train.filter(['log_price','accommodates', 'bathrooms', 'bedrooms', 'beds', 'Real Bed', 'Shared room', \n",
    "#                            'Entire home/apt', 'Private room', 'cleaning_fee', 'review_scores_rating', \n",
    "#                            'host_since_year', 'Boston', 'Chicago', 'DC', 'LA', 'NYC', 'SF', 'c_distance', 'Condominium', 'pets', 'event',\n",
    "#                           'kitchen', 'heating', 'gym', 'elevator', 'pool', '#amenities'], axis=1)\n",
    "df_train.corr()"
   ]
  },
  {
   "cell_type": "markdown",
   "metadata": {},
   "source": [
    "## Feature: Type"
   ]
  },
  {
   "cell_type": "code",
   "execution_count": 7,
   "metadata": {},
   "outputs": [
    {
     "name": "stdout",
     "output_type": "stream",
     "text": [
      "1    5442\n",
      "2    4558\n",
      "Name: Type, dtype: int64\n"
     ]
    }
   ],
   "source": [
    "print(df_train['Type'].value_counts())\n",
    "\n",
    "# apply dummies on the training set\n",
    "col = 'Type'\n",
    "df_dummies = pd.get_dummies(df_train[col])\n",
    "df_dummies.columns = [str(col)+'_'+str(c) for c in df_dummies.columns]\n",
    "df_train = pd.concat([df_train, df_dummies], axis=1)\n",
    "\n",
    "# apply the same dummies on the test set\n",
    "col = 'Type'\n",
    "df_dummies = pd.get_dummies(df_test[col])\n",
    "df_dummies.columns = [str(col)+'_'+str(c) for c in df_dummies.columns]\n",
    "df_test = pd.concat([df_test, df_dummies], axis=1)"
   ]
  },
  {
   "cell_type": "markdown",
   "metadata": {},
   "source": [
    "## Feature: Name"
   ]
  },
  {
   "cell_type": "code",
   "execution_count": 8,
   "metadata": {},
   "outputs": [
    {
     "data": {
      "text/plain": [
       "Lucky      45\n",
       "Baby       44\n",
       "Brownie    43\n",
       "No Name    39\n",
       "Mimi       35\n",
       "Puppy      32\n",
       "Kitty      28\n",
       "Max        27\n",
       "Kittens    25\n",
       "Snowy      25\n",
       "Name: Name, dtype: int64"
      ]
     },
     "execution_count": 8,
     "metadata": {},
     "output_type": "execute_result"
    }
   ],
   "source": [
